0 0.37890625 0.600328946875 0.375 0.5345394734375 0.3583984375 0.5 0.3310546875 0.5 0.3154296875 0.5131578953125 0.306640625 0.5411184203125 0.306640625 0.5970394734375 0.2822265625 0.5888157890625 0.2578125 0.524671053125 0.193359375 0.41282894687500005 0.185546875 0.350328946875 0.1650390625 0.3322368421875 0.154296875 0.3634868421875 0.158203125 0.40953947343749997 0.220703125 0.5279605265625 0.2421875 0.6134868421874999 0.216796875 0.7055921046875 0.216796875 0.758223684375 0.1962890625 0.79605263125 0.18359375 0.8009868421874999 0.1640625 0.8733552625 0.16796875 0.9029605265624999 0.15625 0.991776315625 0.291015625 0.9950657890624999 0.298828125 0.9029605265624999 0.34765625 0.79769736875 0.35546875 0.6858552625 0.37890625 0.600328946875
0 0.47265625 0.7516447375 0.486328125 0.7055921046875 0.451171875 0.6759868421874999 0.46484375 0.61019736875 0.4609375 0.5279605265625 0.4443359375 0.5 0.4228515625 0.49671052656250003 0.390625 0.5444078953125 0.384765625 0.633223684375 0.3720703125 0.6348684203125 0.361328125 0.67269736875 0.345703125 0.8470394734375001 0.3203125 0.9950657890624999 0.44921875 0.9950657890624999 0.447265625 0.9424342109375001 0.46875 0.9161184203125 0.45703125 0.8733552625 0.47265625 0.7516447375
0 0.5498046875 0.6611842109375 0.533203125 0.6233552625 0.52734375 0.53125 0.5029296875 0.506578946875 0.4833984375 0.5131578953125 0.46875 0.54769736875 0.466796875 0.57730263125 0.494140625 0.6924342109375 0.47265625 0.7549342109375 0.46484375 0.8338815796875 0.470703125 0.9161184203125 0.453125 0.9490131578125001 0.453125 0.9786184203125 0.486328125 0.96875 0.5048828125 0.85855263125 0.5146484375 0.8815789468749999 0.541015625 0.8996710531250001 0.5390625 0.929276315625 0.52734375 0.9490131578125001 0.5302734375 0.9967105265624999 0.64453125 0.9950657890624999 0.607421875 0.804276315625 0.623046875 0.7055921046875 0.6005859375 0.664473684375 0.5498046875 0.6611842109375
0 0.705078125 0.804276315625 0.69921875 0.5444078953125 0.71875 0.383223684375 0.755859375 0.304276315625 0.7373046875 0.2828947375 0.7138671875 0.3125 0.701171875 0.304276315625 0.701171875 0.38980263125 0.6796875 0.45230263125 0.66796875 0.53125 0.6572265625 0.539473684375 0.6376953125 0.523026315625 0.6083984375 0.523026315625 0.587890625 0.5641447375 0.59375 0.6266447375 0.634765625 0.70230263125 0.609375 0.774671053125 0.625 0.9029605265624999 0.646484375 0.98519736875 0.6591796875 1 0.6796875 0.9983552625 0.78515625 0.9950657890624999 0.76953125 0.95230263125 0.7265625 0.88980263125 0.705078125 0.804276315625
0 0.3310546875 0.35855263125 0.3076171875 0.3651315796875 0.291015625 0.3865131578125 0.283203125 0.4325657890625 0.2890625 0.49835526249999995 0.25 0.508223684375 0.2822265625 0.5921052625 0.3046875 0.5970394734375 0.310546875 0.5180921046875 0.3515625 0.48519736875 0.349609375 0.3865131578125 0.3310546875 0.35855263125
0 0.25 0.6233552625 0.2177734375 0.523026315625 0.15625 0.537828946875 0.1484375 0.3930921046875 0.140625 0.38980263125 0.146484375 0.366776315625 0.1240234375 0.3322368421875 0.115234375 0.3634868421875 0.126953125 0.40953947343749997 0.123046875 0.5674342109375 0.12890625 0.5904605265625 0.1416015625 0.601973684375 0.2255859375 0.5921052625 0.234375 0.6134868421874999 0.212890625 0.7319078953125 0.18359375 0.787828946875 0.18359375 0.8108552625 0.197265625 0.8141447375 0.23046875 0.725328946875 0.236328125 0.6661184203125 0.24609375 0.65625 0.25 0.6233552625
0 0.1572265625 0.42105263125 0.166015625 0.48190789531249995 0.203125 0.5049342109375 0.1572265625 0.42105263125
0 0.16015625 0.22203947343750002 0.13671875 0.2516447375 0.15234375 0.3536184203125 0.166015625 0.320723684375 0.173828125 0.26480263125 0.1708984375 0.1842105265625 0.16015625 0.22203947343750002
0 0.21484375 0.43914473750000005 0.2431640625 0.5 0.263671875 0.5016447375 0.2890625 0.4950657890625 0.2822265625 0.40460526249999995 0.2490234375 0.4375 0.21484375 0.43914473750000005
0 0.384765625 0.3404605265625 0.375 0.2713815796875 0.3603515625 0.2532894734375 0.3330078125 0.25 0.31640625 0.2713815796875 0.3125 0.337171053125 0.34765625 0.3766447375 0.353515625 0.4786184203125 0.38671875 0.5509868421874999 0.41796875 0.4950657890625 0.41796875 0.46875 0.380859375 0.40953947343749997 0.384765625 0.3404605265625
0 0.5283203125 0.2828947375 0.4951171875 0.2697368421875 0.4765625 0.3075657890625 0.494140625 0.4161184203125 0.46484375 0.3930921046875 0.4296875 0.2615131578125 0.447265625 0.1891447375 0.4375 0.17269736875 0.4345703125 0.131578946875 0.4248046875 0.17105263125 0.3984375 0.1891447375 0.40625 0.28125 0.4375 0.34375 0.46484375 0.4424342109375 0.5029296875 0.5032894734375 0.513671875 0.5049342109375 0.513671875 0.4490131578125 0.54296875 0.383223684375 0.544921875 0.3338815796875 0.5283203125 0.2828947375
0 0.48828125 0.6858552625 0.484375 0.6430921046875 0.4697265625 0.60855263125 0.458984375 0.67269736875 0.48828125 0.6858552625
0 0.396484375 0.258223684375 0.39453125 0.1825657890625 0.3681640625 0.1776315796875 0.359375 0.20230263124999998 0.396484375 0.40296052656250003 0.423828125 0.4884868421875 0.4501953125 0.5032894734375 0.46875 0.5444078953125 0.5 0.4950657890625 0.46484375 0.4424342109375 0.4375 0.3470394734375 0.396484375 0.258223684375
0 0.615234375 0.46546052656250003 0.6005859375 0.42434210468750005 0.5595703125 0.3947368421875 0.5400390625 0.3947368421875 0.515625 0.445723684375 0.517578125 0.5016447375 0.533203125 0.54769736875 0.533203125 0.6266447375 0.5458984375 0.6513157890625 0.59765625 0.65625 0.5703125 0.5674342109375 0.5927734375 0.51644736875 0.60546875 0.5115131578125001 0.615234375 0.46546052656250003
0 0.740234375 0.7516447375 0.744140625 0.78125 0.78515625 0.8338815796875 0.82421875 0.774671053125 0.7958984375 0.6842105265625 0.7509765625 0.710526315625 0.740234375 0.7516447375
0 0.6455078125 0.3223684203125 0.630859375 0.3569078953125 0.626953125 0.40625 0.646484375 0.4786184203125 0.609375 0.5049342109375 0.6103515625 0.51644736875 0.66015625 0.53125 0.697265625 0.38980263125 0.685546875 0.32730263125 0.6689453125 0.3125 0.6455078125 0.3223684203125
0 0.875 0.2549342109375 0.9375 0.1825657890625 0.94140625 0.1430921046875 0.9208984375 0.1118421046875 0.8935546875 0.1546052625 0.8779296875 0.1282894734375 0.8671875 0.2088815796875 0.84375 0.2615131578125 0.7470703125 0.4111842109375 0.716796875 0.41282894687500005 0.69921875 0.54769736875 0.701171875 0.6134868421874999 0.716796875 0.65625 0.734375 0.6694078953125 0.779296875 0.6036184203125 0.779296875 0.491776315625 0.865234375 0.3108552625 0.875 0.2549342109375