0 0.3300804796875 1 0.3288767328125 0.978126553125 0.3666723125 0.854920540625 0.3578822578125 0.7291808765625001 0.37055774375 0.6309795234375 0.35594370625 0.5580118203125 0.33210905468749996 0.5214098 0.301736978125 0.524615746875 0.28643654218750003 0.5411328546874999 0.281041034375 0.57336925625 0.28977492968749996 0.635781096875 0.261372609375 0.6294653375 0.22423639374999998 0.5607377375 0.135177284375 0.4434709328125 0.11673813749999999 0.374632509375 0.091133409375 0.3568449046875 0.0840822296875 0.3929815859375 0.095613715625 0.44392158125 0.1835309078125 0.56875995 0.22075240156249998 0.6616943921875 0.20693499843750002 0.7674673140625 0.215155134375 0.8262078671875001 0.1982843 0.8708321015625 0.1849536171875 0.877827503125 0.17456196562499998 0.960885728125 0.183524659375 0.993469296875 0.18358021093750002 1 0.3300804796875 1
0 0.5028786968750001 1 0.519672521875 0.972889025 0.49997705937500003 0.9265363015625001 0.49832346406249994 0.7888668015625 0.5063168828125 0.7358658421875 0.4626432453125 0.7069462109375 0.46755411406249997 0.6319175453125 0.4503712828125 0.5405934218749999 0.4275641484375 0.5113339671875 0.403186615625 0.5101816421875001 0.374840453125 0.56719370625 0.38220363281249997 0.6670053796875 0.3683591890625 0.670329496875 0.362335525 0.71380875 0.3722092546875 0.91021880625 0.36949555156249997 1 0.5028786968750001 1
0 0.635775159375 1 0.7108035359375 0.9920803265625 0.65623454375 0.83180661875 0.6581772609375001 0.7198361109375 0.6268067890625 0.6765785078125 0.5698877484375 0.6788611234374999 0.5455393359375 0.63858781875 0.524645796875 0.5364788359375 0.493674684375 0.5118066531250001 0.4730078609375 0.5214391843749999 0.462131571875 0.56170514375 0.4645859625 0.5949757015625 0.5129395859375 0.72026471875 0.49883722343750003 0.7925380859375 0.502489690625 0.8815649015625 0.5218419562500001 0.9726600296875001 0.51169725 1 0.5482204734375 1 0.5508162765625 0.9044051140624999 0.5652597546875 0.9289591250000001 0.5973727859375 0.94605974375 0.599827178125 0.9793303015625 0.5910528578124999 1 0.635775159375 1
0 0.6701975499999999 0.5304288015624999 0.64593441875 0.514362340625 0.613392909375 0.5177972828125 0.5970358328125001 0.5660928000000001 0.6133055484375001 0.6351602203125 0.6706801062500001 0.7147908484375 0.65378015 0.7985360609375001 0.691172203125 0.93988419375 0.712560578125 0.9918948593750001 0.8581055421875 0.9765317546875 0.8019277359375 0.9132912515625 0.7647062421874999 0.820356809375 0.71761101875 0.5310123109375 0.7141311921875 0.34882940156250003 0.7430202343750001 0.25636764218749997 0.7190711796875 0.23467975624999998 0.6976618 0.27046927187500003 0.682276084375 0.262779534375 0.6956338046874999 0.3582329359375 0.6815314421875 0.43050630312499993 0.6808450421875001 0.5199911109375 0.6701975499999999 0.5304288015624999
0 0.23805379843750002 0.4549648171875 0.25483726875 0.527703521875 0.2129898671875 0.5432972984375 0.26188636875000004 0.6331366218750001 0.2876054953125 0.6360100921875 0.28178359375 0.547212271875 0.32220412187499997 0.50569050625 0.3046219328125 0.3957809625 0.27964536406249996 0.36675050625 0.2546396734375 0.37684103125 0.239538915625 0.402650846875 0.23805379843750002 0.4549648171875
0 0.2067061984375 0.797295584375 0.1828985828125 0.8631423640625 0.18649489218749998 0.8888413578125001 0.20219468906250002 0.89090966875 0.22520358593749998 0.7878920484374999 0.22246423593750003 0.7211219359375 0.23177013125 0.7089631015625 0.23097141406250002 0.6717922625 0.17950611875 0.56359651875 0.1134808625 0.5873306781250001 0.0821977546875 0.42671013750000003 0.07300625937500001 0.4239548375 0.07591824999999999 0.39756885625 0.045575296875 0.3616538234375 0.04069355 0.397561509375 0.0609027734375 0.4475855203125 0.08122431249999999 0.6242651734375 0.0913289234375 0.649277178125 0.1072284 0.6606382 0.1989727828125 0.6397775109375 0.2120746671875 0.6626103765625 0.2067061984375 0.797295584375
0 0.1604096921875 0.5451219234375 0.0963271546875 0.4568855734375 0.1155941375 0.52377385625 0.1604096921875 0.5451219234375
0 0.08037151875000001 0.382196728125 0.090419971875 0.34388090937500004 0.0903638140625 0.2805530875 0.0745225796875 0.19095010625 0.068498915625 0.2344293578125 0.047089534375 0.27021887499999997 0.08037151875000001 0.382196728125
0 0.2271483875 0.53435175625 0.2543235109375 0.5240322374999999 0.2326021328125 0.4238733953125 0.20085934062500002 0.46447917656250004 0.163151125 0.470322253125 0.2041124515625 0.5349205734375 0.2271483875 0.53435175625
0 0.2957466 0.24583445468749998 0.26486076718749996 0.24536911562500002 0.249760009375 0.271178934375 0.2556963109375 0.3450626203125 0.3009112234375 0.384996103125 0.3233460390625 0.49811894062500006 0.371529103125 0.5749942671875 0.39750615312500004 0.5089184890625 0.393396084375 0.4795482125 0.34292918437500003 0.41781601718749994 0.336479125 0.3402610453125 0.314843028125 0.26430905 0.2957466 0.24583445468749998
0 0.493160925 0.5081353671875 0.505349690625 0.5087115328125 0.4966157953125 0.4462996921875 0.5188821375 0.3694390578125 0.51334519375 0.314140790625 0.4869417484375 0.25918234687499997 0.44800633593750006 0.24839014375000001 0.43330493593749997 0.292785378125 0.469783871875 0.4118768078125 0.43364605312500004 0.38961275781250004 0.3740459015625 0.246883303125 0.38226812187500003 0.164054075 0.3688521578125 0.14684263125000002 0.35917602656250003 0.1012950671875 0.354493959375 0.1464954640625 0.32803227343749997 0.1697789796875 0.35109524687500004 0.2716589640625 0.3955676 0.337749434375 0.44135243125 0.444682028125 0.493160925 0.5081353671875
0 0.47272082031249996 0.6295094109375 0.4708072234375 0.702358940625 0.5054037671875 0.7136091375 0.4943860390625 0.6663404296875 0.47272082031249996 0.6295094109375
0 0.286698628125 0.189044040625 0.35925714062499997 0.40864147656250005 0.40298693593749996 0.5008889328125 0.43458620937500003 0.5143182640624999 0.4616178125 0.5580338593749999 0.4886223765625 0.4993006515625 0.44135243125 0.444682028125 0.396081359375 0.34142072031250004 0.3366517671875 0.24710495312499997 0.3226658890625 0.162894403125 0.2926078921875 0.1604789234375 0.286698628125 0.189044040625
0 0.58930241875 0.40857472812499995 0.53912048125 0.380342084375 0.517426140625 0.382632046875 0.498271471875 0.4423994109375 0.5091748015625 0.5045822546875 0.533722890625 0.5541482703125 0.5460530953125 0.6422591015625 0.5640076046875 0.6683052625 0.6222682421875 0.667743790625 0.5780246874999999 0.5718250515625 0.5950099203125 0.5122866828125 0.6083406046875 0.50529128125 0.61199515625 0.45274831562499995 0.58930241875 0.40857472812499995
0 0.858276859375 0.8440095296875001 0.8924178875000001 0.7733464828125001 0.8468327359375 0.6757065984375 0.801045821875 0.7103437875 0.79553591875 0.7574943249999999 0.8044986109375 0.7900778921875 0.858276859375 0.8440095296875001
0 0.61165195625 0.4974907203125 0.6145348265624999 0.5102257171875 0.6721673046875 0.5209070953125 0.691294934375 0.35869092812500003 0.6685169203125 0.290310496875 0.6477648171875 0.2757361828125 0.6232728875 0.28949799062500003 0.612396596875 0.3297639515625 0.6157641078125 0.3852912140625 0.6487611328125 0.463769515625 0.61165195625 0.4974907203125
0 0.8158054640625 0.5877065921875 0.798337675 0.46288291406250004 0.865536053125 0.25088642656250004 0.8676493265625 0.18732960468749998 0.925768528125 0.09923346718750001 0.9239422921875 0.0547200578125 0.89628253125 0.022247314062500002 0.8725893156250001 0.073179959375 0.8511237749999999 0.045641653125 0.8517789734375001 0.13684760468749999 0.8339658999999999 0.1983361140625 0.7499549328125 0.3767148765625 0.716585584375 0.3820999578125 0.7181247765625 0.5346835953125 0.7305693828125001 0.6078802921875 0.7546037140624999 0.6537750234375 0.7761836515625 0.666399196875 0.8158054640625 0.5877065921875