0 0.7498267953125 1 0.7538507359375 0.9883524843749999 0.748613884375 0.9091264625000001 0.7364734937499999 0.900949275 0.723057403125 0.8570204578125 0.73397795 0.802870796875 0.726760521875 0.7019075828125 0.7667842734375 0.6191616437499999 0.85616383125 0.512589665625 0.8697698296875 0.46616276093750003 0.865114971875 0.43138776874999996 0.8400958031249999 0.444992965625 0.8190266109375001 0.5073875937500001 0.7289868609375 0.6067138390625 0.6903616921875 0.6667459421874999 0.6633396046875 0.6692440296875 0.674942684375 0.6117100140625 0.671630553125 0.5807964015625 0.6581586078125 0.5634427953125 0.6298049625 0.5567644625 0.6054236421875 0.5882454765625 0.5877224390625 0.6549785046875 0.594279675 0.7486959890625 0.57917455625 0.8656721140625001 0.6079649703125 0.9858970296875 0.6063587593750001 1 0.7498267953125 1
0 0.5686628078125 1 0.5709618015625 0.91691444375 0.5909340296875001 0.733727503125 0.5876442421875 0.6921838046875 0.574821315625 0.6873909703125001 0.587173959375 0.594582346875 0.56365390625 0.537638325 0.5406935109375001 0.5357754171875 0.5176772578125 0.5604877234375001 0.4965633828125 0.644142521875 0.497089525 0.7151687640625 0.4544920296875 0.7370415203125 0.459113375 0.787761640625 0.45006169375000005 0.916798921875 0.4290371890625 0.9579333796875 0.445854778125 0.99025546875 0.44350440312500006 1 0.5686628078125 1
0 0.4375251765625 1 0.43841392968750004 0.99559310625 0.42701192812500005 0.95745635625 0.4501510609375 0.8742785812499999 0.458430840625 0.7911459953125 0.44912112656250003 0.7215960109374999 0.501363465625 0.609821959375 0.5054810125 0.578885753125 0.49745816875 0.5397723578125 0.4785706328125 0.5282334140625 0.4481358734375 0.547653271875 0.4229491375 0.64098410625 0.3978852828125 0.6758494734375 0.34454598125 0.6668312109375 0.3127238109375 0.7036498578125 0.30844986875 0.8089966640625 0.2369782515625 0.98040810625 0.3201579390625 1 0.35542672343750004 1 0.3614540375 0.9774662046874999 0.3533976828125 0.9542979375 0.357515228125 0.9233617296875 0.38861018125 0.9111876062500001 0.4035142203125 0.8898822484375 0.4001287875 1 0.4375251765625 1
0 0.3149825640625 0.27167774375 0.30011203750000004 0.277037975 0.281951721875 0.2408545046875 0.2582752765625 0.2583210796875 0.280374403125 0.3486090234375 0.2671828328125 0.5192125953125 0.20718685468750003 0.7851454765625 0.167163103125 0.867891415625 0.109639228125 0.9216996140625 0.0940155578125 0.9467351015625001 0.23339521875 0.9795641671875 0.2697465015625 0.9062340640625001 0.31256741718750003 0.77806045625 0.30125478437500003 0.6974033625 0.35948353437499997 0.6295807234375 0.3785274625 0.5667090734375 0.36579390625 0.5193959 0.335415003125 0.5122405453125001 0.31174973125 0.5243920765625 0.3023171328125 0.5133075625 0.306546390625 0.4292209265625 0.297236678125 0.35967094374999997 0.3149825640625 0.27167774375
0 0.6875075749999999 0.41791558125000006 0.6624660640625 0.4421508625 0.639964778125 0.543204453125 0.675669903125 0.587065490625 0.6653648624999999 0.669721053125 0.6896791578125 0.670130296875 0.740500575 0.5917001640625 0.702042971875 0.572006628125 0.721769434375 0.5057506234375 0.7232238718749999 0.45646157656249997 0.71044563125 0.43040857343749994 0.6875075749999999 0.41791558125000006
0 0.8490033578125 0.7058844843750001 0.8598568765625 0.6836250765624999 0.8885679968750001 0.5202220468750001 0.9102750343749999 0.47570323437499995 0.9076454375 0.4414052671875 0.8771883375 0.471455209375 0.878486378125 0.4965767578125 0.8697028046874999 0.49805301718750006 0.8315702593750001 0.6450564890625 0.7708459640624999 0.6148006484375 0.7166118781249999 0.7101525484375 0.7138370578125001 0.744950134375 0.72191575625 0.7574883156250001 0.7157059234375 0.8198377546875 0.731706925 0.9193247109374999 0.74656628125 0.919279521875 0.7513440203124999 0.8955890468750001 0.732568196875 0.8308996765625001 0.7348615640625 0.703815678125 0.74841170625 0.683963984375 0.8334502968749999 0.714629065625 0.8490033578125 0.7058844843750001
0 0.8330470406250001 0.5851373546875 0.8547875921875001 0.5246734171874999 0.789789353125 0.59976438125 0.8330470406250001 0.5851373546875
0 0.9112033328125 0.3553879453125 0.8930430156250001 0.319204475 0.8897532281249999 0.277660775 0.8699932499999999 0.359861909375 0.8664912125 0.41930401875 0.8738426921875 0.45648672343749996 0.9112033328125 0.3553879453125
0 0.74929531875 0.5849088625000001 0.791288475 0.5292151625 0.7561876890625 0.5191750703125 0.7285836046874999 0.47722212812500003 0.7027255046875001 0.568622275 0.72768881875 0.581592290625 0.74929531875 0.5849088625000001
0 0.6600263734375 0.31749717187500004 0.6355668546875 0.38618348281250003 0.625284159375 0.458208959375 0.5745185984375001 0.5100638765625 0.5690583250000001 0.5371387078125001 0.589859409375 0.602305103125 0.6393045859375001 0.5359587218749999 0.666538925 0.432474825 0.7111840203125 0.40044900625 0.72078418125 0.3318078828125 0.7080059421875 0.30575488281249996 0.6789697640625 0.30246090312499996 0.6600263734375 0.31749717187500004
0 0.6272636359375 0.1591129109375 0.61569406875 0.200701796875 0.6021550953125 0.215238446875 0.6053666890625 0.29398744374999997 0.5416106375 0.42077516875 0.5064539953125 0.43731029218749995 0.5472049640625001 0.329919828125 0.5358141328125 0.286468034375 0.49865457187500006 0.291896046875 0.4708605796875 0.340298828125 0.462647828125 0.3915411609375 0.47937605000000005 0.466383590625 0.46777297031250004 0.5239176062500001 0.47925316718750005 0.5248490609375 0.531372625 0.471540478125 0.5802022921875001 0.3766881953125 0.6255746046875 0.32001785312500003 0.6527866046875 0.227164040625 0.6291995265625 0.2021102734375 0.6272636359375 0.1591129109375
0 0.46948544062500003 0.6732158234375001 0.45656197499999995 0.716258375 0.48967101562500004 0.7098763156250001 0.49184150000000004 0.6412577859375 0.46948544062500003 0.6732158234375001
0 0.640478646875 0.29871249375 0.5795197578125 0.38007255 0.531372625 0.471540478125 0.48399739375 0.5171037109375 0.506163546875 0.575501396875 0.533935196875 0.5377287015625 0.5643476125 0.5289389296875 0.6104471453125 0.4476240625 0.6905616718750001 0.2502419296875 0.686567009375 0.22271267187500002 0.6582021921875 0.22134938124999998 0.640478646875 0.29871249375
0 0.443044246875 0.3993316953125 0.3943709734375 0.41977338125 0.37064984375 0.45850012500000004 0.3712206671875 0.5082661984375 0.383361059375 0.5164433828125 0.3960722734375 0.574386640625 0.34929020624999996 0.659085859375 0.4039834046875 0.666650459375 0.42226660312500003 0.644368459375 0.438647421875 0.5631439687500001 0.4644049828125 0.51957920625 0.478033325 0.46252221406249994 0.46329685 0.40410193281250006 0.443044246875 0.3993316953125
0 0.1714593890625 0.751914525 0.18165271562500002 0.7224093875 0.1790454609375 0.677481334375 0.1379247484375 0.6394349578125 0.0897887828125 0.72558784375 0.11800837500000001 0.7960466875 0.1714593890625 0.751914525
0 0.34669302343749997 0.2880095203125 0.3264069078125 0.29918441093750003 0.30128719843749996 0.360624990625 0.3104181734375 0.51521565625 0.3651337171875 0.5121501687500001 0.3685352171875 0.50054344375 0.3355155421875 0.46440516093750006 0.370783896875 0.3947196140625 0.3769713890625 0.34300026093749997 0.3689485453125 0.303886865625 0.34669302343749997 0.2880095203125
0 0.16262893125 0.132984465625 0.1682120859375 0.047444165625 0.14654973124999998 0.07070280625 0.12706903125 0.020027875 0.099319721875 0.0471704859375 0.0951798328125 0.0887367796875 0.1449724109375 0.178457325 0.1434956328125 0.2383764578125 0.1950677078125 0.4455049609375 0.1718615453125 0.560572990625 0.20479185156250002 0.6392316140625 0.22574932812499998 0.6299874109375 0.25082435468750003 0.5898070015625 0.2665002984375 0.52259695 0.2762568546875 0.37954523125 0.24520658750000002 0.370459184375 0.1760115078125 0.1928584109375 0.16262893125 0.132984465625