0 0.279296875 0.2529296875 0.2177734375 0.240234375 0.1689453125 0.18359375 0.1376953125 0.173828125 0.1005859375 0.181640625 0.091796875 0.2353515625 0.1328125 0.2939453125 0.1171875 0.3193359375 0.123046875 0.3720703125 0.2685546875 0.48046875 0.3359375 0.5009765625 0.3515625 0.4873046875 0.27734375 0.4326171875 0.302734375 0.4072265625 0.279296875 0.2529296875
0 0.1826171875 0.421875 0.1513671875 0.4296875 0.1259765625 0.462890625 0.0732421875 0.455078125 0.037109375 0.4794921875 0.033203125 0.5068359375 0.0517578125 0.5390625 0.130859375 0.5556640625 0.2353515625 0.53125 0.2724609375 0.50390625 0.3046875 0.4970703125 0.1826171875 0.421875
0 0.13671875 0.6123046875 0.1455078125 0.59765625 0.3017578125 0.546875 0.30078125 0.5185546875 0.1728515625 0.54296875 0.1337890625 0.5625 0.1064453125 0.55859375 0.0751953125 0.58203125 0.0703125 0.6162109375 0.015625 0.6865234375 0.0439453125 0.720703125 0.091796875 0.7236328125 0.1318359375 0.70703125 0.146484375 0.6806640625 0.150390625 0.6357421875 0.13671875 0.6123046875
0 0.36160714375 0.403273809375 0.35714285625 0.40029761875 0.34970238125 0.385416665625 0.34523809375000003 0.37351190624999997 0.339285715625 0.34375 0.33482142812500004 0.327380953125 0.3318452375 0.316964284375 0.32589285625 0.297619046875 0.31845238125 0.28273809375000003 0.31101190624999997 0.270833334375 0.305059525 0.254464284375 0.3005952375 0.24107142812500001 0.29910714375 0.22619047499999997 0.305059525 0.22023809375 0.319940475 0.21875 0.34375 0.221726190625 0.358630953125 0.229166665625 0.375 0.23660714375 0.389880953125 0.24851190625 0.38839285625 0.26339285625 0.389880953125 0.29017857187499996 0.389880953125 0.31845238125 0.389880953125 0.33482142812500004 0.382440475 0.3869047625 0.37648809375000003 0.410714284375 0.37648809375000003 0.42708333437499996 0.382440475 0.43898809375000003 0.39285714375 0.45833333437499996 0.40476190624999997 0.47023809375000003 0.40625 0.465773809375 0.40625 0.45089285625000003 0.413690475 0.42113095312500004 0.41815476250000005 0.39732142812500004 0.42261904687499996 0.375 0.42261904687499996 0.34970238125 0.41815476250000005 0.319940475 0.41666666562500004 0.297619046875 0.41666666562500004 0.27976190624999997 0.41815476250000005 0.260416665625 0.41964285625000003 0.221726190625 0.41964285625000003 0.21726190625 0.42113095312500004 0.194940475 0.42410714374999997 0.183035715625 0.42410714374999997 0.16666666562500002 0.42410714374999997 0.151785715625 0.41964285625000003 0.13541666562500002 0.41666666562500004 0.11309523749999999 0.409226190625 0.096726190625 0.3943452375 0.084821428125 0.36607142812500004 0.0818452375 0.34970238125 0.084821428125 0.327380953125 0.090773809375 0.31845238125 0.108630953125 0.315476190625 0.12351190625 0.308035715625 0.153273809375 0.29017857187499996 0.196428571875 0.28720238125 0.21726190625 0.28125 0.252976190625 0.291666665625 0.30357142812500004 0.302083334375 0.358630953125 0.316964284375 0.395833334375 0.34226190624999997 0.433035715625 0.375 0.48065476250000005 0.375 0.410714284375 0.36160714375 0.403273809375
0 0.3291015625 0.2109375 0.306640625 0.2236328125 0.30078125 0.2646484375 0.3515625 0.3525390625 0.380859375 0.3662109375 0.39453125 0.3486328125 0.3984375 0.2724609375 0.3701171875 0.232421875 0.3291015625 0.2109375
0 0.4833984375 0.265625 0.5224609375 0.2734375 0.5625 0.3212890625 0.544921875 0.3935546875 0.5234375 0.4091796875 0.498046875 0.4912109375 0.5107421875 0.50390625 0.548828125 0.4501953125 0.6328125 0.2705078125 0.630859375 0.2138671875 0.60546875 0.1826171875 0.62890625 0.1396484375 0.630859375 0.1025390625 0.619140625 0.0712890625 0.5986328125 0.056640625 0.5615234375 0.0546875 0.5322265625 0.068359375 0.513671875 0.0908203125 0.505859375 0.1455078125 0.4599609375 0.154296875 0.421875 0.2001953125 0.412109375 0.4404296875 0.421875 0.5087890625 0.443359375 0.5263671875 0.455078125 0.5126953125 0.447265625 0.4423828125 0.46484375 0.2763671875 0.4833984375 0.265625
0 0.7607421875 0.220703125 0.70703125 0.2509765625 0.6640625 0.3173828125 0.6806640625 0.33984375 0.71875 0.3388671875 0.796875 0.3037109375 0.8125 0.2744140625 0.8037109375 0.2421875 0.7607421875 0.220703125
0 0.771484375 0.3154296875 0.75 0.3134765625 0.7490234375 0.265625 0.716796875 0.2626953125 0.7265625 0.2373046875 0.7548828125 0.220703125 0.810546875 0.2451171875 0.8017578125 0.3125 0.8681640625 0.361328125 0.9052734375 0.34765625 0.919921875 0.2119140625 0.8994140625 0.197265625 0.8427734375 0.216796875 0.7666015625 0.205078125 0.6552734375 0.24609375 0.56640625 0.4189453125 0.5625 0.4365234375 0.578125 0.4501953125 0.6630859375 0.31640625 0.6806640625 0.33984375 0.7138671875 0.33984375 0.771484375 0.3154296875
0 0.6953125 0.4736328125 0.6982421875 0.490234375 0.728515625 0.4951171875 0.7705078125 0.48046875 0.76953125 0.4599609375 0.7373046875 0.455078125 0.6953125 0.4736328125
0 0.7900390625 0.357421875 0.818359375 0.3759765625 0.8203125 0.4013671875 0.8046875 0.4248046875 0.8125 0.4365234375 0.78515625 0.4404296875 0.794921875 0.4638671875 0.787109375 0.4716796875 0.796875 0.4755859375 0.7958984375 0.498046875 0.8349609375 0.509765625 0.86328125 0.4931640625 0.8642578125 0.470703125 0.9189453125 0.435546875 0.9775390625 0.416015625 0.9921875 0.3642578125 0.9365234375 0.34375 0.8642578125 0.365234375 0.8505859375 0.34375 0.7958984375 0.3125 0.6767578125 0.34765625 0.62109375 0.3818359375 0.587890625 0.4482421875 0.533203125 0.4931640625 0.515625 0.5341796875 0.5390625 0.5439453125 0.5703125 0.5244140625 0.6552734375 0.40625 0.7509765625 0.359375 0.7900390625 0.357421875
0 0.814453125 0.4072265625 0.818359375 0.3759765625 0.7978515625 0.359375 0.7568359375 0.357421875 0.7041015625 0.392578125 0.6591796875 0.404296875 0.595703125 0.4716796875 0.583984375 0.5068359375 0.6015625 0.5087890625 0.6845703125 0.48828125 0.7060546875 0.458984375 0.7763671875 0.4453125 0.814453125 0.4072265625
0 0.97265625 0.5849609375 0.9482421875 0.55078125 0.8759765625 0.55078125 0.8408203125 0.515625 0.7900390625 0.5 0.6494140625 0.5 0.5791015625 0.521484375 0.546875 0.5517578125 0.560546875 0.5654296875 0.53125 0.5732421875 0.5654296875 0.61328125 0.6279296875 0.650390625 0.6884765625 0.66796875 0.7470703125 0.662109375 0.8203125 0.6884765625 0.8779296875 0.6328125 0.9306640625 0.6328125 0.9609375 0.6201171875 0.97265625 0.5849609375
0 0.7080078125 0.6640625 0.685546875 0.6826171875 0.685546875 0.6962890625 0.7373046875 0.744140625 0.802734375 0.7626953125 0.837890625 0.7333984375 0.8134765625 0.69140625 0.7509765625 0.6640625 0.7080078125 0.6640625
0 0.783203125 0.7958984375 0.7548828125 0.7578125 0.6689453125 0.689453125 0.6416015625 0.6875 0.5986328125 0.640625 0.5283203125 0.603515625 0.53125 0.6220703125 0.5458984375 0.625 0.5966796875 0.685546875 0.6123046875 0.6796875 0.611328125 0.6962890625 0.626953125 0.7001953125 0.640625 0.7333984375 0.689453125 0.7763671875 0.669921875 0.8779296875 0.646484375 0.9013671875 0.6494140625 0.9140625 0.6064453125 0.876953125 0.5947265625 0.880859375 0.5751953125 0.841796875 0.544921875 0.8408203125 0.5390625 0.7998046875 0.484375 0.7177734375 0.484375 0.6728515625 0.4658203125 0.673828125 0.478515625 0.6845703125 0.466796875 0.6884765625 0.46484375 0.7158203125 0.474609375 0.7529296875 0.484375 0.7529296875 0.4765625 0.7607421875 0.486328125 0.7861328125 0.548828125 0.8857421875 0.6572265625 0.94921875 0.7041015625 0.94921875 0.7490234375 0.923828125 0.837890625 0.9521484375 0.875 0.9248046875 0.873046875 0.8662109375 0.7900390625 0.830078125 0.783203125 0.7958984375
0 0.5263671875 0.625 0.5009765625 0.625 0.515625 0.6689453125 0.498046875 0.6748046875 0.486328125 0.7001953125 0.5078125 0.7490234375 0.59375 0.8701171875 0.6201171875 0.888671875 0.6484375 0.8896484375 0.67578125 0.8544921875 0.6796875 0.7822265625 0.5517578125 0.64453125 0.5263671875 0.625
0 0.4560546875 0.73046875 0.421875 0.8330078125 0.38671875 0.8798828125 0.4345703125 0.900390625 0.4873046875 0.943359375 0.513671875 0.9482421875 0.544921875 0.9208984375 0.548828125 0.8916015625 0.5078125 0.8408203125 0.4560546875 0.73046875
0 0.40625 0.8544921875 0.453125 0.7392578125 0.4345703125 0.6875 0.384765625 0.7744140625 0.376953125 0.7119140625 0.357421875 0.6845703125 0.3720703125 0.642578125 0.3125 0.6708984375 0.23828125 0.7783203125 0.25 0.8232421875 0.26953125 0.8447265625 0.26953125 0.8642578125 0.25 0.8837890625 0.25 0.9208984375 0.2705078125 0.939453125 0.30078125 0.9404296875 0.333984375 0.9189453125 0.3544921875 0.875 0.3837890625 0.875 0.40625 0.8544921875
0 0.4150390625 0.625 0.43359375 0.5908203125 0.4169921875 0.5859375 0.1513671875 0.703125 0.138671875 0.7236328125 0.126953125 0.8173828125 0.1416015625 0.83984375 0.171875 0.8466796875 0.23828125 0.8076171875 0.23828125 0.7705078125 0.2900390625 0.677734375 0.4150390625 0.625
0 0.283203125 0.5986328125 0.2666015625 0.58203125 0.3466796875 0.5859375 0.373046875 0.5517578125 0.3056640625 0.544921875 0.30078125 0.5205078125 0.2900390625 0.517578125 0.1787109375 0.541015625 0.1376953125 0.5625 0.1083984375 0.560546875 0.10546875 0.5908203125 0.140625 0.6025390625 0.146484375 0.6748046875 0.193359375 0.6845703125 0.34765625 0.6123046875 0.3291015625 0.59765625 0.2822265625 0.6171875 0.283203125 0.5986328125
0 0.3740234375 0.5625 0.3603515625 0.552734375 0.34765625 0.5673828125 0.3671875 0.5693359375 0.3447265625 0.59375 0.2861328125 0.6171875 0.2705078125 0.5859375 0.212890625 0.5908203125 0.2548828125 0.56640625 0.3271484375 0.576171875 0.34375 0.5673828125 0.34375 0.5517578125 0.3076171875 0.548828125 0.3134765625 0.53515625 0.3779296875 0.529296875 0.404296875 0.5029296875 0.3740234375 0.494140625 0.3212890625 0.515625 0.1005859375 0.5625 0.068359375 0.5888671875 0.068359375 0.6181640625 0.015625 0.6806640625 0.0400390625 0.71875 0.08984375 0.7236328125 0.4033203125 0.591796875 0.421875 0.5654296875 0.4033203125 0.55078125 0.3740234375 0.5625