0 0.1953125 0.5885416671875 0.1826171875 0.559027778125 0.14453125 0.5295138890625 0.14453125 0.4947916671875 0.162109375 0.4357638890625 0.162109375 0.36284722187499996 0.154296875 0.32118055624999997 0.1337890625 0.2951388890625 0.1103515625 0.2951388890625 0.087890625 0.32118055624999997 0.080078125 0.36631944375000003 0.0859375 0.5052083328125 0.0771484375 0.527777778125 0.0390625 0.5642361109375 0.017578125 0.6649305562500001 0.029296875 0.7552083328125 0.03125 0.8697916671874999 0.046875 0.980902778125 0.0517578125 0.996527778125 0.1015625 0.9982638890625 0.1865234375 0.996527778125 0.193359375 0.9739583328125001 0.181640625 0.8107638890625 0.1953125 0.5885416671875
0 0.37890625 0.5711805562500001 0.337890625 0.35590277812500004 0.3115234375 0.31597222187499996 0.2861328125 0.31944444375000003 0.259765625 0.3697916671875 0.23046875 0.5572916671875 0.203125 0.5920138890625 0.1953125 0.6267361109375 0.197265625 0.8663194437499999 0.208984375 0.980902778125 0.2138671875 0.996527778125 0.400390625 0.9947916671874999 0.408203125 0.918402778125 0.388671875 0.7552083328125 0.388671875 0.6475694437499999 0.37890625 0.5711805562500001
0 0.5546875 0.703125 0.5546875 0.5642361109375 0.576171875 0.4079861109375 0.5703125 0.36631944375000003 0.541015625 0.3142361109375 0.5546875 0.234375 0.544921875 0.16493055625 0.5244140625 0.12847222187500001 0.5029296875 0.121527778125 0.4814453125 0.13888888906250002 0.46875 0.16840277812499999 0.46875 0.24826388906250002 0.482421875 0.32118055624999997 0.4501953125 0.375 0.4150390625 0.40277777812500004 0.40625 0.4322916671875 0.39453125 0.7482638890625 0.421875 0.9461805562500001 0.4384765625 0.996527778125 0.572265625 0.9947916671874999 0.5859375 0.8211805562500001 0.5703125 0.7864583328125 0.5703125 0.7552083328125 0.5546875 0.703125
0 0.76171875 0.605902778125 0.763671875 0.5329861109375 0.7578125 0.47743055625 0.708984375 0.2795138890625 0.6748046875 0.25347222187499996 0.6572265625 0.2673611109375 0.640625 0.3072916671875 0.640625 0.4670138890625 0.6962890625 0.4583333328125 0.703125 0.48784722187499996 0.64453125 0.5364583328125 0.626953125 0.6302083328125 0.634765625 0.7135416671875 0.5810546875 0.7256944437499999 0.57421875 0.769097221875 0.5888671875 0.8055555562500001 0.6142578125 0.8229166671874999 0.6318359375 0.8194444437499999 0.6455078125 0.7743055562500001 0.646484375 0.8975694437499999 0.65625 0.9704861109375 0.6689453125 0.996527778125 0.734375 0.9947916671874999 0.736328125 0.8732638890625 0.728515625 0.7795138890625 0.734375 0.7170138890625 0.76171875 0.605902778125
0 0.609375 0.9288194437499999 0.6015625 0.9288194437499999 0.6103515625 0.8854166671874999 0.625 0.9600694437499999 0.646484375 0.949652778125 0.6455078125 0.9305555562500001 0.6416015625 0.940972221875 0.623046875 0.9288194437499999 0.6318359375 0.909722221875 0.64453125 0.921875 0.6455078125 0.8194444437499999 0.6357421875 0.8298611109375 0.58984375 0.8211805562500001 0.580078125 0.984375 0.595703125 0.987847221875 0.60546875 0.9739583328125001 0.5859375 0.956597221875 0.609375 0.9427083328125001 0.609375 0.9288194437499999
0 0.626953125 0.543402778125 0.6474609375 0.5173611109375 0.701171875 0.48784722187499996 0.6904296875 0.4513888890625 0.6552734375 0.47569444375 0.634765625 0.4704861109375 0.638671875 0.3107638890625 0.6298828125 0.2986111109375 0.5947265625 0.30555555624999997 0.578125 0.3385416671875 0.58203125 0.42881944375 0.572265625 0.4427083328125 0.556640625 0.5642361109375 0.556640625 0.703125 0.56640625 0.7413194437499999 0.576171875 0.7482638890625 0.5849609375 0.7326388890625 0.630859375 0.7135416671875 0.623046875 0.6510416671875 0.626953125 0.543402778125
0 0.85546875 0.47743055625 0.8671875 0.390625 0.876953125 0.38368055624999997 0.8671875 0.32465277812500004 0.8466796875 0.2951388890625 0.8076171875 0.2951388890625 0.78125 0.328125 0.7734375 0.36284722187499996 0.794921875 0.5017361109375 0.767578125 0.543402778125 0.765625 0.5954861109375 0.74609375 0.6788194437499999 0.751953125 0.7100694437499999 0.740234375 0.855902778125 0.74609375 0.984375 0.7490234375 0.996527778125 0.9140625 0.9947916671874999 0.939453125 0.7795138890625 0.943359375 0.5711805562500001 0.9130859375 0.503472221875 0.85546875 0.47743055625
0 0.98828125 0.7170138890625 0.9765625 0.484375 0.966796875 0.4322916671875 0.91796875 0.3732638890625 0.93359375 0.3454861109375 0.919921875 0.21006944375 0.9033203125 0.18055555625 0.8837890625 0.1770833328125 0.853515625 0.21701388906250002 0.845703125 0.2760416671875 0.880859375 0.3697916671875 0.865234375 0.42881944375 0.8671875 0.47743055625 0.9150390625 0.5 0.9453125 0.5711805562500001 0.9453125 0.7586805562500001 0.951171875 0.7725694437499999 0.939453125 0.800347221875 0.939453125 0.8524305562500001 0.916015625 0.9774305562500001 0.9228515625 0.996527778125 0.953125 0.9947916671874999 0.97265625 0.9288194437499999 0.97265625 0.8038194437499999 0.9765625 0.7517361109375 0.98828125 0.7170138890625
0 0.765625 0.41493055625 0.7734375 0.2829861109375 0.76171875 0.21354166718749998 0.7451171875 0.19097222187500001 0.7255859375 0.19097222187500001 0.701171875 0.22395833281250002 0.697265625 0.24826388906250002 0.72265625 0.32465277812500004 0.765625 0.519097221875 0.7734375 0.519097221875 0.7890625 0.5052083328125 0.787109375 0.4739583328125 0.76953125 0.44965277812500004 0.765625 0.41493055625
0 0.630859375 0.2517361109375 0.642578125 0.22395833281250002 0.634765625 0.1510416671875 0.6142578125 0.11805555625 0.5830078125 0.125 0.5703125 0.1614583328125 0.56640625 0.22395833281250002 0.576171875 0.2552083328125 0.578125 0.3072916671875 0.55859375 0.3420138890625 0.57421875 0.359375 0.578125 0.328125 0.5908203125 0.30902777812500004 0.62890625 0.28993055624999997 0.630859375 0.2517361109375
0 0.466796875 0.25868055624999997 0.466796875 0.18576388906250002 0.4580078125 0.15972222187500001 0.4384765625 0.14236111093749998 0.4150390625 0.15277777812499999 0.400390625 0.19965277812499999 0.419921875 0.328125 0.41796875 0.3802083328125 0.4296875 0.38368055624999997 0.4521484375 0.36805555624999997 0.470703125 0.33159722187499996 0.45703125 0.3107638890625 0.466796875 0.25868055624999997
0 0.408203125 0.25868055624999997 0.3935546875 0.22569444375 0.3603515625 0.21875 0.3359375 0.26215277812500004 0.326171875 0.328125 0.34375 0.36631944375000003 0.392578125 0.6267361109375 0.400390625 0.44965277812500004 0.41796875 0.38715277812500004 0.41796875 0.3177083328125 0.408203125 0.25868055624999997
0 0.255859375 0.38368055624999997 0.2275390625 0.3576388890625 0.244140625 0.4704861109375 0.255859375 0.38368055624999997
0 0.1923828125 0.17013888906250002 0.17578125 0.19965277812499999 0.173828125 0.237847221875 0.2021484375 0.25347222187499996 0.228515625 0.32118055624999997 0.2421875 0.28993055624999997 0.24609375 0.21354166718749998 0.2236328125 0.17013888906250002 0.1923828125 0.17013888906250002
0 0.1982421875 0.25 0.1767578125 0.24305555625 0.146484375 0.28993055624999997 0.1640625 0.38368055624999997 0.146484375 0.5225694437499999 0.1884765625 0.559027778125 0.19921875 0.5850694437499999 0.236328125 0.5225694437499999 0.236328125 0.4392361109375 0.21484375 0.2795138890625 0.1982421875 0.25