0 0.8494307453125 0.24957997656250003 0.82451669375 0.27872681875 0.811984675 0.3247231828125 0.8049999859374999 0.40486759375 0.81856244375 0.4692973953125 0.8152364015625 0.5074614000000001 0.7707730171875 0.5408736515625 0.75406713125 0.5736373375 0.7477268046875001 0.81753774375 0.7260187171875 0.95466181875 0.8914455515625 0.945026803125 0.9064823375 0.8785750578125 0.9195934687499999 0.7525839515625 0.9410523328125 0.6530582015624999 0.9272107406250001 0.5429313703124999 0.8890668359375 0.5038320125 0.8816203984375001 0.4792499125 0.9013301453125001 0.3264442234375 0.89711323125 0.277030575 0.8750530515625 0.24898130156249998 0.8494307453125 0.24957997656250003
0 0.5370288265625 0.643455209375 0.5267180953125 0.7617636265625001 0.4897337734375 0.9416333453125001 0.4901247609375 0.9684010781250001 0.710900840625 0.9555423359375 0.7253236015625 0.8789992671875 0.7504084843750001 0.61561774375 0.7451937578125001 0.5776532953125 0.7186271078125 0.54018774375 0.7045598546875 0.334850459375 0.6805575203124999 0.2801861625 0.653132625 0.27701832656250003 0.6204825796875 0.321580440625 0.55502208125 0.5592449515625 0.5370288265625 0.643455209375
0 0.4383572953125 0.07637065781249999 0.41244543437500003 0.11696670312499999 0.3951173890625 0.1935441609375 0.4024138375 0.2809721453125 0.3653968875 0.338966496875 0.35500006093750003 0.384912971875 0.3635199859375 0.5561022078125 0.3502158171875 0.7087582296875 0.32814521406249997 0.7664033531250001 0.3251517765625 0.8007509578124999 0.30474419531249997 0.839314078125 0.30354865000000003 0.9745483437500001 0.43886467968750004 0.9713866375 0.4728216203125 0.9694088703125001 0.5209777265625 0.75428049375 0.538433559375 0.407287384375 0.5316523281250001 0.375072484375 0.49587970312499996 0.34543929218749997 0.46580439531250006 0.2871082609375 0.48773542968749994 0.2066146234375 0.4953853265625 0.11883741249999999 0.48433371562499994 0.0867222890625 0.46250961874999996 0.0681890734375 0.4383572953125 0.07637065781249999
0 0.2188629765625 0.443318984375 0.2788844453125 0.4514381328125 0.29418424062500004 0.275883709375 0.279860053125 0.2324191671875 0.261973740625 0.21760256875 0.22211334374999997 0.24709864062500003 0.1497750953125 0.46588070937500003 0.1380478515625 0.5270927859375 0.13319835625 0.60718730625 0.1524477125 0.7286136671875 0.1528664109375 0.7971592078125 0.1353453296875 0.9004015796875 0.12977755468750002 0.97860856875 0.21988266875 0.97650323125 0.23123594375 0.9248214656249999 0.2441109890625 0.7893143031250001 0.2547334796875 0.83857828125 0.2736176078125 0.8419456750000001 0.3030381265625 0.822215109375 0.3225444125 0.781768734375 0.31922879375 0.7342383406249999 0.261675121875 0.7222529015625 0.27819839062499996 0.63045973125 0.2679619765625 0.5278659218749999 0.2085626671875 0.4759330015625 0.2188629765625 0.443318984375
0 0.2773519265625 0.958021609375 0.2688111578125 0.95822116875 0.267480740625 0.9734867703125 0.270517228125 0.9753201359375 0.2967301203125 0.9747076625 0.3004738109375 0.83941385625 0.2494652828125 0.8501272625 0.2397871328125 0.8389275093749999 0.23104290624999999 0.951486378125 0.24608576875 0.9378046953125001 0.2538648125 0.95857039375 0.2324163703125 0.972401746875 0.2291437984375 0.961052325 0.22703695000000002 0.97633606875 0.2535846546875 0.9757157718749999 0.271901115625 0.91054110625 0.2773519265625 0.958021609375
0 0.3445275609375 0.27280310625 0.3067593078125 0.2660683171875 0.295986828125 0.279650221875 0.2849574171875 0.4551048671875 0.26203899062499997 0.46135330625000004 0.2259337609375 0.43553651562500006 0.21069785937500002 0.47588311406250006 0.2665885109375 0.5069505546874999 0.286513496875 0.5350497171875 0.28047315156249997 0.6532583546875 0.26594550625 0.722153121875 0.3142932 0.7419709203125 0.3224048453125 0.7589202203125 0.333746015625 0.751037971875 0.34808062500000003 0.7088081171875 0.3613847953125 0.5561520984375 0.355944403125 0.42297719687499996 0.3465988578125 0.40796104375000003 0.359516953125 0.30863485 0.3445275609375 0.27280310625
0 0 0.9816408687499999 0.1198419015625 0.9788407187500001 0.132737965625 0.88141935625 0.1338961890625 0.7214298734375 0.1432952046875 0.6869325984375 0.129925784375 0.5958378828125 0.1327796546875 0.5386417640625 0.106878215625 0.4935434109375 0.14366949843750002 0.340338609375 0.138454771875 0.3023741609375 0.11278941718749999 0.266791865625 0.0700855703125 0.2677896546875 0.044838915624999996 0.3007529 0.028508682812500002 0.36588115625 0.0385194359375 0.373264509375 0.043015484375 0.468375184375 0 0.48814437499999996 0 0.9816408687499999
0 0 0.48310679062500006 0.030204329687499996 0.46867452187499997 0.03699598125 0.41519502499999994 0.025568715625 0.3507153328125 0.0729824890625 0.24677450781250002 0.0700959921875 0.1820952578125 0.0408254625 0.13897994062500002 0.0191409359375 0.1432952359375 0.0022776593750000003 0.16971488437499999 0 0.19584942968750002 0 0.48310679062500006
0 0.1707826328125 0.17593405 0.1513193953125 0.252561396875 0.147221203125 0.39738505625 0.1396247765625 0.435648840625 0.1180798171875 0.46281264999999994 0.1129511859375 0.4972101453125 0.128702309375 0.5120766296875 0.137243078125 0.5118770703125 0.20284314375 0.2970610734375 0.23791793593750002 0.2124516984375 0.23597578125 0.185836675 0.21244561874999998 0.1502044890625 0.191093696875 0.1507033828125 0.1707826328125 0.17593405
0 0.3411362671875 0.067216375 0.31555700625 0.10399602031249999 0.30003155000000004 0.1843399890625 0.31018186875 0.21457185625 0.30865841562499996 0.2565023703125 0.348465340625 0.276519728125 0.360514765625 0.29718564999999997 0.3617917125 0.3314334734375 0.380536271875 0.31195235625 0.362510390625 0.2742872453125 0.369634646875 0.21699134999999997 0.383304046875 0.182394296875 0.3850205375 0.113798865625 0.37463413437500004 0.07405094375 0.3411362671875 0.067216375
0 0.4958574984375 0.137869525 0.488872809375 0.218013934375 0.4945597078125 0.2750104953125 0.47761773593749995 0.298258125 0.49440971874999995 0.3378563796875 0.517467709375 0.3544564515625 0.5306114671875 0.350340715625 0.5334653390625 0.293144596875 0.56712361875 0.1514388828125 0.5555998328125 0.1002916484375 0.5309753390624999 0.089441121875 0.5079603953125 0.10902201874999999 0.4958574984375 0.137869525
0 0.5365983437499999 0.28164550625 0.5299462578125 0.357973515625 0.5431761140625 0.42621971875 0.5347540671875 0.6206565859375 0.6130791906249999 0.333179309375 0.6359545671875 0.2907499 0.6315980859375 0.2184877359375 0.6090657359375 0.1714063484375 0.572102259375 0.1798872734375 0.5529285765624999 0.21651724843750003 0.5365983437499999 0.28164550625
0 0.7409546390624999 0.32066988125 0.707499821875 0.3500162828125 0.71199586875 0.445126959375 0.7409546390624999 0.32066988125
0 0.73142648125 0.2466242421875 0.7433793890625 0.280622621875 0.7786902687499999 0.20552930156250002 0.8111472734375 0.187632103125 0.8126707265625001 0.1457015859375 0.7973487296874999 0.11368624375 0.7631856531250001 0.114484475 0.734473390625 0.1627632125 0.73142648125 0.2466242421875
0 0.7623169843750001 0.23447658750000003 0.723530075 0.410579796875 0.715547575 0.502173409375 0.7501293515625 0.5699207171875 0.7643674390624999 0.5410233203125 0.8137664171875001 0.499878490625 0.8078538562500001 0.347671475 0.8360509 0.2441796546875 0.8074455781250001 0.1934315375 0.78329325625 0.20161312343749999 0.7623169843750001 0.23447658750000003