0 0.1689453125 0.7236328125 0.17578125 0.69287109375 0.138671875 0.67236328125 0.146484375 0.63427734375 0.14453125 0.58154296875 0.1328125 0.55517578125 0.130859375 0.51708984375 0.1142578125 0.509765625 0.10546875 0.53466796875 0.111328125 0.56689453125 0.1015625 0.65478515625 0.11328125 0.66064453125 0.119140625 0.71630859375 0.107421875 0.75439453125 0.125 0.75732421875 0.140625 0.74560546875 0.1318359375 0.6943359375 0.1552734375 0.703125 0.1689453125 0.7236328125
0 0.1474609375 0.6328125 0.138671875 0.66650390625 0.154296875 0.67822265625 0.1474609375 0.6328125
0 0.119140625 0.50244140625 0.1328125 0.50830078125 0.1328125 0.55224609375 0.14453125 0.57568359375 0.1484375 0.62255859375 0.162109375 0.54931640625 0.146484375 0.49365234375 0.1240234375 0.486328125 0.119140625 0.50244140625
0 0.296875 0.66943359375 0.255859375 0.64306640625 0.2578125 0.52880859375 0.25 0.49658203125 0.2314453125 0.48046875 0.216796875 0.57861328125 0.228515625 0.69287109375 0.21484375 0.71337890625 0.2421875 0.71630859375 0.2451171875 0.662109375 0.2783203125 0.6826171875 0.2900390625 0.703125 0.296875 0.66943359375
0 0.2578125 0.64306640625 0.2646484375 0.6328125 0.2841796875 0.6650390625 0.296875 0.66357421875 0.275390625 0.60791015625 0.275390625 0.47607421875 0.2587890625 0.46875 0.2578125 0.64306640625
0 0.46875 0.50830078125 0.470703125 0.47607421875 0.4619140625 0.4658203125 0.44921875 0.48779296875 0.45703125 0.52587890625 0.447265625 0.61376953125 0.4609375 0.64599609375 0.458984375 0.66650390625 0.478515625 0.67529296875 0.484375 0.66650390625 0.4765625 0.61669921875 0.48046875 0.54052734375 0.46875 0.50830078125
0 0.4716796875 0.45703125 0.466796875 0.46728515625 0.48046875 0.53466796875 0.48046875 0.59619140625 0.49609375 0.62548828125 0.494140625 0.64013671875 0.501953125 0.64013671875 0.5078125 0.62548828125 0.4921875 0.58740234375 0.490234375 0.47021484375 0.4716796875 0.45703125
0 0.458984375 0.46142578125 0.4794921875 0.45703125 0.490234375 0.46728515625 0.49609375 0.52001953125 0.49609375 0.44091796875 0.4775390625 0.3896484375 0.458984375 0.43798828125 0.458984375 0.46142578125
0 0.583984375 0.44677734375 0.5712890625 0.4365234375 0.5625 0.54931640625 0.533203125 0.62841796875 0.5419921875 0.6357421875 0.55078125 0.60205078125 0.5556640625 0.6064453125 0.5673828125 0.5830078125 0.576171875 0.64306640625 0.5703125 0.66064453125 0.587890625 0.66357421875 0.599609375 0.64013671875 0.58984375 0.57568359375 0.59765625 0.50537109375 0.583984375 0.44677734375
0 0.62109375 0.41748046875 0.62890625 0.57275390625 0.640625 0.57568359375 0.658203125 0.45263671875 0.6455078125 0.3779296875 0.634765625 0.38232421875 0.62109375 0.41748046875
0 0.701171875 0.61962890625 0.677734375 0.59326171875 0.6875 0.57568359375 0.693359375 0.51123046875 0.6796875 0.49365234375 0.6748046875 0.4599609375 0.66015625 0.46728515625 0.662109375 0.50244140625 0.65234375 0.52294921875 0.662109375 0.63134765625 0.65234375 0.65478515625 0.666015625 0.65771484375 0.6748046875 0.6357421875 0.6943359375 0.6533203125 0.701171875 0.63134765625 0.701171875 0.61962890625
0 0.841796875 0.61083984375 0.826171875 0.57568359375 0.837890625 0.54052734375 0.837890625 0.50830078125 0.8193359375 0.4482421875 0.80859375 0.45556640625 0.80078125 0.52001953125 0.80859375 0.59619140625 0.80078125 0.62548828125 0.8125 0.62548828125 0.8203125 0.61962890625 0.8193359375 0.5888671875 0.8330078125 0.6240234375 0.841796875 0.61083984375
0 0.8720703125 0.638671875 0.876953125 0.62255859375 0.865234375 0.56982421875 0.87890625 0.52001953125 0.8642578125 0.45703125 0.8515625 0.46435546875 0.849609375 0.57568359375 0.841796875 0.61669921875 0.828125 0.63427734375 0.84375 0.64599609375 0.8564453125 0.59765625 0.865234375 0.61669921875 0.8623046875 0.638671875 0.8720703125 0.638671875
0 0.94921875 0.60791015625 0.931640625 0.56396484375 0.9375 0.52001953125 0.9443359375 0.52734375 0.94921875 0.51416015625 0.9189453125 0.462890625 0.91015625 0.47021484375 0.912109375 0.49072265625 0.8984375 0.53173828125 0.9033203125 0.5419921875 0.9111328125 0.5244140625 0.91796875 0.56103515625 0.900390625 0.61669921875 0.916015625 0.61962890625 0.9267578125 0.5830078125 0.935546875 0.60205078125 0.9326171875 0.6181640625 0.94921875 0.60791015625
0 0.94140625 0.44384765625 0.951171875 0.45849609375 0.955078125 0.49365234375 0.96484375 0.49365234375 0.98046875 0.45263671875 0.98046875 0.42919921875 0.9619140625 0.3955078125 0.94140625 0.44384765625
0 0.99609375 0.46728515625 0.9873046875 0.4541015625 0.9765625 0.46142578125 0.958984375 0.51416015625 0.96875 0.54931640625 0.96875 0.61376953125 0.9609375 0.62255859375 0.984375 0.63134765625 0.994140625 0.59912109375 0.98828125 0.56396484375 0.998046875 0.52294921875 0.99609375 0.46728515625
0 0.2646484375 0.3837890625 0.240234375 0.41455078125 0.23828125 0.47900390625 0.251953125 0.49072265625 0.267578125 0.46435546875 0.26953125 0.44091796875 0.279296875 0.44091796875 0.2646484375 0.3837890625