0 0.04396825 0.7819223953125001 0.06240094375000001 0.76981141875 0.05763668281249999 0.7123334781249999 0.08273194375000001 0.7234638890625 0.0958811421875 0.7470464734375 0.1064282875 0.7132648484375 0.0673325671875 0.688317478125 0.0796702 0.6464546984374999 0.08261555000000001 0.587747215625 0.0721960703125 0.5577679484375 0.07372265156249999 0.5153365078125 0.05605325 0.5062317625 0.0439114 0.5333892390625 0.0472767453125 0.569537728125 0.02795309375 0.6666253171875 0.0403588484375 0.6738181265625001 0.0414541640625 0.73600828125 0.0247921109375 0.7776435968750001 0.04396825 0.7819223953125001
0 0.084062740625 0.695737753125 0.08089318281249999 0.644883959375 0.0679000734375 0.6818070609375 0.084062740625 0.695737753125
0 0.09329036093750001 0.4902046984375 0.0691343265625 0.4807587578125 0.0621681578125 0.4983780734375 0.0767361234375 0.505684615625 0.07247982343750001 0.554512740625 0.0831830578125 0.5812368 0.082967425 0.633547596875 0.105196728125 0.5529635140625 0.09329036093750001 0.4902046984375
0 0.2131313 0.53574993125 0.207603746875 0.49948771093750005 0.1886233921875 0.4805036109375 0.1629010796875 0.588700096875 0.16480796250000002 0.716335615625 0.14768621875000001 0.7383259484375 0.17767340625 0.7431734062500001 0.186166159375 0.6831226515625 0.2209374578125 0.7078425562499999 0.2319244453125 0.7313114078125 0.24275534375 0.6942745734375 0.1999027109375 0.6625893234375 0.2131313 0.53574993125
0 0.2020649203125 0.66270305625 0.21062579375 0.651707890625 0.2291266078125 0.6886525031249999 0.24332284999999998 0.6877641578125 0.2249298515625 0.6246641453125 0.23769875 0.47817977031250003 0.2200293484375 0.4690750265625 0.2020649203125 0.66270305625
0 0.445182959375 0.4776479625 0.42900044375 0.501322765625 0.433960490625 0.544095403125 0.41463684062499995 0.64118299375 0.42665102499999996 0.677786409375 0.42250254218750005 0.7004591359375001 0.44327338281250006 0.7113620828125 0.450611275 0.7019376546875 0.44678623906250003 0.6461441828125001 0.458488246875 0.56173623125 0.448636271875 0.5252465468749999 0.4539197671875 0.4895529859375 0.445182959375 0.4776479625
0 0.4675570828125 0.6570471296875 0.4639761046875 0.6732094390625 0.4726249453125 0.67366436875 0.4805303421875 0.6577295234375 0.46692145468749996 0.6145019578124999 0.47610937656249996 0.484179890625 0.4568452703125 0.46845099843750004 0.450446609375 0.4795598984375 0.459055753125 0.5552258140624999 0.453096934375 0.6235851890624999 0.4675570828125 0.6570471296875
0 0.4423652734375 0.47259455156249996 0.4654941109375 0.46890592656249996 0.47639312968749997 0.48092468437499997 0.4777722 0.5398596296875 0.485433540625 0.45196900468749995 0.46985822656250004 0.3939224046875 0.4446353 0.44655288593750003 0.4423652734375 0.47259455156249996
0 0.5821654921875 0.46359736875 0.5691042609375 0.45146488125 0.5484498140625 0.57627860625 0.508355321875 0.66246325 0.517375884375 0.671113065625 0.5303689921875 0.6341899640625 0.5353488890625 0.6393571062500001 0.550592175 0.6139978328125 0.554505178125 0.6812413984375 0.546316028125 0.700431453125 0.5654921671875 0.70471025 0.580735453125 0.6793509765625 0.5761669765625 0.60716773125 0.591625896875 0.5294976609375001 0.5821654921875 0.46359736875
0 0.632384440625 0.61012476875 0.663761971875 0.4744296078125 0.656943315625 0.3906825359375 0.644625528125 0.394939821875 0.62608501875 0.4332061953125 0.61969493125 0.6061871671875 0.632384440625 0.61012476875
0 0.6940216421875001 0.6754994234375 0.69515665625 0.6624785890625 0.6717639140625 0.631816928125 0.684277484375 0.6128543390625001 0.6970066890625 0.541580953125 0.6835737359375 0.521253578125 0.6814313734375 0.4835343515625 0.664505415625 0.49081938125 0.663262584375 0.5299956124999999 0.6504652609375 0.5522134109375 0.6507774390625001 0.67322478125 0.6376963625000001 0.6986977859375 0.6525480796875 0.7027491203125 0.664406175 0.6788468515625 0.6843257578124999 0.6995154234375 0.6940216421875001 0.6754994234375
0 0.8377944078124999 0.6209293234375 0.85417270625 0.5825492156250001 0.8572939937499999 0.546741925 0.842569940625 0.47892969687500003 0.8299684015625 0.48644219218750007 0.8150769890625 0.557601846875 0.8163482406250001 0.6426921921875001 0.80486186875 0.674789346875 0.8178351296875 0.6754717390625 0.827051475 0.6694162515625 0.8289497812500001 0.6351796984375 0.8406802125 0.675038321875 0.8516870484375 0.6609016796875 0.8377944078124999 0.6209293234375
0 0.8894718171875 0.67596969375 0.8816061171875 0.61669355 0.9015653953125 0.562151134375 0.8914495125 0.4913111625 0.876685765625 0.498709925 0.8637409296874999 0.6222941093750001 0.8511195421875 0.6674120968749999 0.83428155 0.686147221875 0.8504442187500001 0.7000779125000001 0.8691805140625 0.647106234375 0.8770660640625 0.6687768828125 0.8716946 0.693020346875 0.8825056484375 0.6935890078125 0.8894718171875 0.67596969375
0 0.948438846875 0.6349245515625 0.9563243968749999 0.6565951984375 0.9515204390625 0.674328246875 0.9708923593750001 0.663901740625 0.95568876875 0.6140500265625 0.9664317 0.565563096875 0.9732900515624999 0.57409918125 0.9799724671875 0.5597350734375001 0.9514238921875 0.5010060796875 0.9409845640625001 0.50863230625 0.9411605 0.5315324968749999 0.9220524828125001 0.5763092875 0.9264648703124999 0.587986846875 0.9368162328125 0.5689105265625 0.9408370515625 0.6099986937499999 0.9159858468750001 0.6708240625 0.9329997750000001 0.6749891265625 0.948438846875 0.6349245515625
0 1 0.4392219375 0.9781337078125001 0.48115514531250003 0.9875259906249999 0.497999846875 0.988445371875 0.5372898125 0.9992564203125 0.5378584734375 1 0.5362971109375 1 0.4392219375
0 0.234744825 0.3750151828125 0.2047377875 0.4077732171875 0.19633300468749998 0.47927406875 0.2103334625 0.493091028125 0.23018492343750002 0.464704009375 0.23461716093749999 0.438776075 0.24542821250000002 0.4393447359375 0.234744825 0.3750151828125