0 0 0.7454982484375 0.006772809374999999 0.7473277125 0.025830059375 0.7361277140625 0.0257693921875 0.6792658328125001 0.0494979859375 0.6912484625 0.0605062515625 0.7150281984375 0.0735661546875 0.6821450875 0.0372102 0.65597693125 0.052675503125 0.6151981609375 0.060277759375 0.55743386875 0.052461196875000005 0.5274570265625 0.0573649640625 0.48568308125000004 0.040759596875 0.47599610937500003 0.02666678125 0.5022840453125 0.027067025 0.5380599203124999 0.0003145484375 0.6330068437499999 0.0119089984375 0.64059719375 0.0079916578125 0.7019576296875 0 0.718347171875 0 0.7454982484375
0 0.05302926249999999 0.6639653515624999 0.05400150625 0.61369864375 0.038289596875 0.649580790625 0.05302926249999999 0.6639653515624999
0 0.0785810046875 0.4616908046875 0.0556387171875 0.4514067265625 0.047389609375 0.46849852187499996 0.0610963640625 0.47628790781249997 0.0530008953125 0.5242589578125 0.061357154687500005 0.5510377281250001 0.056946603124999995 0.602604915625 0.08522520312500001 0.5240464140625 0.0785810046875 0.4616908046875
0 0.19250615 0.5114126437500001 0.18999359843750002 0.475437734375 0.1728950171875 0.4559575171875 0.13897283124999998 0.5616000953125 0.1305984546875 0.6875190359375 0.1120344171875 0.708512278125 0.141067021875 0.7144968406250001 0.15421989375 0.6556310984375 0.186351234375 0.6814011843750001 0.1952471921875 0.704981884375 0.2088467953125 0.668900703125 0.169345621875 0.6359383375000001 0.19250615 0.5114126437500001
0 0.1714579296875 0.6361373734375 0.18073994843750002 0.62564075 0.1959263453125 0.662809871875 0.209926190625 0.6625045640625 0.19694507187500002 0.5995518484375 0.22123147968749998 0.45563870156249997 0.2046261125 0.445951728125 0.1714579296875 0.6361373734375
0 0.4248457734375 0.4634533078125 0.40706804218750003 0.48614510468749994 0.40850119687499997 0.5285161546875 0.38174872187500003 0.6234630765625 0.39059819687499997 0.6600350921875 0.384708003125 0.6822225468750001 0.40421198281250004 0.6938071078125 0.41216799843749996 0.6848100031250001 0.41289363593750006 0.6296466734374999 0.4311503984375 0.5468949249999999 0.424413228125 0.510521946875 0.4324622140625 0.4755422109375 0.4248457734375 0.4634533078125
0 0.4323976140625 0.6412312359375 0.42758681875000004 0.65702255 0.4360360484375 0.6578186890625 0.445071459375 0.642425446875 0.4351890734375 0.59925825625 0.45466468437499996 0.4711364234375 0.4370264046875 0.4548542734375 0.42985669218749994 0.4655499296875 0.43222979375000004 0.540498784375 0.4208961359375 0.6076582546875 0.4323976140625 0.6412312359375
0 0.422486859375 0.45835765000000006 0.445475634375 0.45565041562499997 0.4552043828125 0.4679383515625 0.45182674218749996 0.5261007156249999 0.4663985859375 0.43975282812499994 0.4557763796875 0.3818957703125 0.42680444375000004 0.432773090625 0.422486859375 0.45835765000000006
0 0.5603730203125 0.45510554687500004 0.548531965625 0.442618575 0.5182482109375 0.5648486109374999 0.4719917578125 0.648210971875 0.48014789531249996 0.6571018046875 0.4958598046875 0.62121965625 0.500331025 0.62651435 0.5173224546874999 0.6021240015625 0.515764028125 0.6685800953125 0.5061889171875 0.687171409375 0.5246599859375001 0.6921607937500001 0.5416514140625 0.66777044375 0.5429632328125 0.5964177312500001 0.5643652125 0.5204601921875 0.5603730203125 0.45510554687500004
0 0.5978832234375 0.60159264375 0.6395613046874999 0.469065021875 0.6395936046874999 0.386220509375 0.6271663671875001 0.3899229203125 0.605903840625 0.426906515625 0.5857490796875 0.5972003625 0.5978832234375 0.60159264375
0 0.6531104890625 0.6685260609375 0.6552692812500001 0.65573378125 0.6347788750000001 0.62456273125 0.6485786 0.6063694859375001 0.6667888765625001 0.5366090515625 0.6552409140625 0.5160273859375 0.656166671875 0.47875199375 0.6389751218749999 0.4852544046875 0.6346110546875 0.52383028125 0.62027163125 0.5452215953125 0.61086434375 0.664545359375 0.595985225 0.6891347421875 0.6102316765625 0.6937260578125 0.62378479375 0.670636190625 0.64166968125 0.6918149640625 0.6531104890625 0.6685260609375
0 0.798552421875 0.6205009796875001 0.8177026421875 0.5833183484375 0.82363931875 0.5481395796874999 0.8146362078125 0.4806883125 0.8016692734375 0.48758879374999997 0.7813466890625 0.5571501921875 0.775763771875 0.6410961515625 0.7619175625 0.6722807125 0.77459140625 0.673474921875 0.7841200296874999 0.6678749234375 0.78873070625 0.6341956703125 0.7970404828125 0.6739657546875 0.80897450625 0.6604700984375 0.798552421875 0.6205009796875001
0 0.8448372453124999 0.6768450109375 0.8418779656250001 0.618085540625 0.8658389828124999 0.565111596875 0.8616001828125001 0.49486032968749993 0.846520940625 0.5015617765625 0.8239001109374999 0.6228893984375 0.8078951109375 0.6668662375000001 0.7898707703125 0.6846614109375 0.8046104375 0.6990459718750001 0.8272454515625001 0.6475715484375 0.8332427984375 0.6692546593750001 0.826026603125 0.6929416328125 0.8365881406250001 0.69393680625 0.8448372453124999 0.6768450109375
0 0.90598700625 0.6387464609375 0.911984353125 0.6604295734375001 0.905847553125 0.67772040625 0.925691109375 0.6682189593750001 0.9147758109374999 0.6184565953125001 0.9292082031250001 0.5710826515625 0.9352520328124999 0.579774446875 0.9429614421875 0.5658807218749999 0.9196653921875001 0.506829453125 0.908810765625 0.5139289703125 0.9071451875 0.5365144953125001 0.8848032640625 0.579894228125 0.8881950906249999 0.5915850609375 0.89988250625 0.5731927812500001 0.9005293578125 0.613865278125 0.8712643312499999 0.6728372921875 0.8876230921875001 0.67762764375 0.90598700625 0.6387464609375
0 0.95307625 0.5440913359375 0.9636377875000001 0.5450865109375 0.9697513453125 0.5342913359375 0.975287778125 0.501484284375 0.978237084375 0.43816148593750004 0.9474649656249999 0.4883309015625 0.9553280109375001 0.5053164265625 0.95307625 0.5440913359375
0 0.22661427500000003 0.35380480468750003 0.1945436046875 0.3848966 0.180557940625 0.45505510468750004 0.1931853015625 0.4692406296875 0.214941040625 0.44205028124999995 0.22137093281250003 0.41666475625 0.2319324703125 0.41765993281249997 0.22661427500000003 0.35380480468750003