1
0.465840
0.234323
0.173345
0.246889
0.233349
0.229880
0.240713
0.213068
0.203131
0.195885
0.193519
0.192136
0.178330
0.174614
0.181924
0.176018
0.168311
0.177778
0.181986
0.178024
0.170496
0.173020
0.169022
0.165732
0.164657
0.162525
0.174060
0.165300
0.164325
0.182408
0.165594
0.152126
0.152569
0.156319
0.154455
0.150357
0.148405
0.149994
0.153879
0.150719
0.152688
0.151783
0.152168
0.174082
0.173686
0.177294
0.179674
0.184070
0.185308
0.187685
0.183055
0.180212
0.177284
0.177065
0.177390
0.175525
0.183954
0.307061
0.190140
0.188772
0.192647
0.190806
0.196208
0.243973
0.301390
0.238198
0.212956
0.198487
0.224975
0.232605
0.285799
0.257523
0.327903
0.455851
0.645710
1.118977
0.838559
1.251781
0.588251
1.360552
2
0.392709
0.221259
0.194076
0.257016
0.245570
0.242439
0.246486
0.242232
0.230582
0.226331
0.223320
0.220495
0.222056
0.216879
0.208724
0.209547
0.207011
0.218524
0.205769
0.213719
0.206807
0.209321
0.205859
0.198175
0.182833
0.196522
0.204646
0.193720
0.190406
0.193166
0.198340
0.195760
0.204077
0.207723
0.195285
0.187610
0.191756
0.199416
0.191402
0.187435
0.190454
0.189814
0.202692
0.187683
0.167912
0.167792
0.169081
0.154640
0.154380
0.159170
0.167858
0.156983
0.164217
0.170053
0.162910
0.156159
0.156684
0.159870
0.157492
0.166094
0.163810
0.153430
0.150921
0.152824
0.158379
0.153603
0.144636
0.152841
0.156389
0.155778
0.153935
0.167406
0.158636
0.160635
0.159481
0.160187
0.166862
0.183469
0.166065
0.174144
